img/SCRIBE.NWCSTG.06.05.14Z.png
NCOLS 209
NROWS 152
XLLCORNER -95.154826
YLLCORNER 41.681435
DX 0.099575742
DY 0.099852637
NODATA_VALUE -9999
[rows 0 to 25 of 152, columns 0 to 59 of 209]
20.817368 20.730469 20.640469 20.5473 20.450888 20.351151 20.248004 20.141351 20.031095 19.917131 19.799354 19.677656 19.551927 19.422062 19.287956 19.149509 19.006625 18.859212 18.707183 18.550451 18.388935 18.222545 18.051192 17.874776 17.693185 17.506293 17.313958 17.116016 16.912288 16.70257 16.486647 16.264282 16.035228 15.799225 15.556003 15.305279 15.046755 14.780112 14.504998 14.221018 13.92772 13.624577 13.31098 12.986229 12.649541 12.300069 11.936947 11.559359 11.166641 10.758417 10.33476 9.896384 9.4448307 8.9826362 8.5134399 8.0419978 7.5740665 7.1161418 6.6750605 6.2575059
20.893704 20.806554 20.716272 20.622789 20.526029 20.425909 20.322337 20.215215 20.104437 19.989892 19.871466 19.749044 19.622509 19.491749 19.356654 19.21712 19.073051 18.924357 18.770955 18.612767 18.449718 18.281733 18.108733 17.93063 17.747325 17.558701 17.364624 17.164936 16.959458 16.747991 16.530316 16.306198 16.075391 15.837644 15.592698 15.340295 15.080166 14.812032 14.535591 14.250498 13.95635 13.652665 13.338857 13.014223 12.677937 12.329061 11.966576 11.589455 11.196756 10.787772 10.362215 9.9204371 9.4636626 8.9942136 8.5156749 8.0329559 7.5522006 7.0805175 6.6255295 6.1947887
20.971113 20.883709 20.793145 20.699352 20.602254 20.501762 20.397781 20.290206 20.178923 20.063814 19.944754 19.821619 19.694281 19.562621 19.426521 19.285874 19.140581 18.990555 18.835718 18.676 18.51134 18.341674 18.16694 17.987067 17.801968 17.611542 17.415661 17.214175 17.006907 16.793655 16.574197 16.348295 16.115703 15.876173 15.629461 15.375329 15.113551 14.843896 14.566127 14.279976 13.985118 13.681144 13.367531 13.043609 12.708544 12.361336 12.000836 11.625805 11.23501 10.827374 10.402179 9.9593161 9.4995731 9.0249199 8.5387489 8.0460057 7.5531469 7.0678765 6.5986511 6.1539967
21.049558 20.961895 20.871049 20.77695 20.67952 20.578669 20.474296 20.366289 20.254524 20.138873 20.019199 19.895364 19.767231 19.634667 19.497547 19.355757 19.209196 19.057777 18.901429 18.740094 18.573722 18.402271 18.225696 18.043947 17.856956 17.664636 17.466875 17.263525 17.054412 16.83933 16.618047 16.390318 16.155887 15.914507 15.665941 15.409979 15.146432 14.875135 14.595931 14.308651 14.013083 13.708931 13.395777 13.073031 12.739899 12.395359 12.038167 11.666891 11.280006 10.876034 10.453765 10.01253 9.5525444 9.0752609 8.5837022 8.0826836 7.5788466 7.0804295 6.5967417 6.1373809
21.129001 21.04107 20.949937 20.855534 20.757781 20.656587 20.551843 20.443428 20.33121 20.215045 20.094783 19.970271 19.841355 19.707889 19.569734 19.426769 19.278889 19.126007 18.968059 18.805 18.636798 18.463432 18.284884 18.101128 17.912122 17.7178 17.518062 17.312771 17.10175 16.884785 16.66163 16.43202 16.195684 15.952363 15.701822 15.443869 15.17836 14.905198 14.624326 14.335701 14.039255 13.734854 13.422234 13.100944 12.770288 12.429281 12.076629 11.710748 11.329835 10.932 10.515491 10.078987 9.6219862 9.1452389 8.6511792 8.1442683 7.6311393 7.1204388 6.6222997 6.1474671
21.209399 21.121187 21.02976 20.935054 20.836988 20.735466 20.630375 20.521584 20.408948 20.292308 20.171495 20.046335 19.916658 19.782297 19.643098 19.498926 19.349671 19.195246 19.035595 18.870685 18.700508 18.525072 18.344389 18.158467 17.967297 17.770838 17.569012 17.361689 17.148691 16.92979 16.704716 16.473175 16.234864 15.989498 15.73683 15.476678 15.208936 14.933582 14.650673 14.360315 14.062628 13.757685 13.445439 13.125644 12.797773 12.460949 12.113899 11.754941 11.382033 10.992887 10.585177 10.156856 9.7065698 9.2341648 8.7412336 8.2315998 7.711615 7.1901215 6.6779712 6.1870848
21.290707 21.202196 21.110464 21.015453 20.917081 20.815252 20.709844 20.600715 20.487707 20.370639 20.249323 20.123561 19.993156 19.857917 19.71767 19.572264 19.421576 19.265519 19.104043 18.937134 18.764811 18.587115 18.404101 18.215819 18.022303 17.823547 17.6195 17.410044 17.194998 16.974114 16.747088 16.513579 16.273235 16.025721 15.770761 15.508161 15.237846 14.959867 14.674404 14.381742 14.082225 13.776189 13.463871 13.145308 12.820227 12.487947 12.147298 11.796579 11.433573 11.055631 10.659863 10.243445 9.8040539 9.3404422 8.8530851 8.3448305 7.8213879 7.291475 6.7664488 6.2593506
21.372876 21.28404 21.191988 21.096666 20.997998 20.895882 20.790192 20.680773 20.567449 20.450018 20.328264 20.20196 20.070877 19.934793 19.793506 19.646841 19.494661 19.336874 19.173437 19.004356 18.829681 18.649499 18.463916 18.273039 18.076955 17.87571 17.669286 17.457585 17.240423 17.017524 16.788536 16.553053 16.310646 16.060906 15.803491 15.538175 15.264891 14.983753 14.695073 14.399336 14.097152 13.789179 13.476015 13.158064 12.835407 12.507656 12.173848 11.832362 11.48089 11.116496 10.735768 10.335098 9.9111253 9.4613414 8.9848349 8.4831045 7.9607747 7.4259929 6.8902631 6.3675614
21.455853 21.366659 21.274264 21.178623 21.079664 20.977285 20.871354 20.761702 20.648133 20.53042 20.408314 20.281551 20.149861 20.012985 19.870682 19.722746 19.569019 19.409398 19.243845 19.07239 18.895122 18.712181 18.52374 18.329979 18.131059 17.927091 17.718108 17.504038 17.284695 17.059771 16.828852 16.59144 16.346996 16.094997 15.835 15.566705 15.29002 15.005106 14.712403 14.412615 14.106662 13.795588 13.480431 13.162067 12.841031 12.517348 12.190373 11.858675 11.519972 11.171137 10.808316 10.427172 10.023291 9.5927992 9.1331699 8.6441801 8.1288686 7.5942428 7.0514211 6.5149411
21.539583 21.449985 21.357216 21.261241 21.161995 21.059379 20.953253 20.843437 20.729711 20.611818 20.48947 20.362358 20.230163 20.092575 19.949304 19.800102 19.644778 19.483215 19.315377 19.141317 18.961169 18.775143 18.583493 18.386496 18.18441 17.977435 17.765672 17.549092 17.327513 17.100589 16.867823 16.628598 16.382227 16.128023 15.865385 15.593886 15.313366 15.023998 14.726338 14.421324 14.110224 13.79454 13.475844 13.155589 12.83489 12.514301 12.193624 11.871739 11.546509 11.214742 10.872264 10.514106 10.13487 9.7292999 9.2931092 8.8240381 8.3230322 7.7952962 7.2508469 6.7041716
21.624006 21.533948 21.440761 21.344427 21.244894 21.142065 21.035798 20.925899 20.812122 20.694176 20.571727 20.44441 20.311848 20.173664 20.029505 19.879067 19.722115 19.558504 19.388195 19.211265 19.027903 18.838399 18.643115 18.44245 18.23679 18.026455 17.811645 17.592393 17.368529 17.139668 16.905214 16.664394 16.416323 16.16009 15.894866 15.620026 15.335276 15.040751 14.737097 14.42549 14.107593 13.785435 13.461229 13.137131 12.814963 12.495948 12.180455 11.867803 11.55612 11.242282 10.921937 10.589639 10.239144 9.8639111 9.4578805 9.0165626 8.5383779 8.0260437 7.4876122 6.9366455
21.709062 21.618469 21.524805 21.428077 21.328247 21.225229 21.118879 21.00899 20.89529 20.777446 20.655073 20.527739 20.394993 20.256375 20.111454 19.959847 19.801259 19.635502 19.462526 19.282429 19.095461 18.902012 18.702576 18.497711 18.287971 18.073838 17.855647 17.633525 17.407333 17.176646 16.940749 16.698677 16.44929 16.191376 15.92379 15.645618 15.356338 15.055977 14.745227 14.425497 14.09888 13.768025 13.435905 13.105518 12.779551 12.460028 12.148018 11.843388 11.544643 11.248844 10.951606 10.647189 10.328712 9.9885557 9.619035 9.2134274 8.7673708 8.2805077 7.7580138 7.2114256
21.794688 21.703465 21.609247 21.512071 21.411925 21.308736 21.202364 21.09259 20.979115 20.861562 20.739483 20.612371 20.47968 20.340851 20.195349 20.042692 19.882497 19.714517 19.538673 19.355081 19.164055 18.966105 18.761889 18.552168 18.337715 18.11923 17.897238 17.671997 17.44343 17.211075 16.974084 16.73126 16.481139 16.222116 15.952627 15.671342 15.377399 15.070611 14.751648 14.422131 14.084627 13.742496 13.399618 13.060011 12.727392 12.40475 12.093969 11.795557 11.508473 11.230047 10.955982 10.680416 10.39608 10.094578 9.7669093 9.4043467 8.9997585 8.5493671 8.0546797 7.5240139
21.880825 21.78885 21.693976 21.596278 21.495778 21.392427 21.286093 21.176549 21.06347 20.946431 20.824913 20.698318 20.56599 20.427248 20.281422 20.127902 19.966188 19.795942 19.617037 19.429592 19.233992 19.030882 18.821126 18.605739 18.385783 18.162246 17.93591 17.707227 17.476216 17.242399 17.00478 16.761883 16.511846 16.252572 15.981939 15.698059 15.39957 15.085934 14.757694 14.416646 14.06586 13.709529 13.352621 13.000386 12.657786 12.328941 12.016673 11.722189 11.444926 11.182507 10.930781 10.683905 10.434456 10.17361 9.8914949 9.5778306 9.2230537 8.8199985 8.3660396 7.8652254
21.967416 21.874537 21.778872 21.68055 21.579636 21.476115 21.369873 21.260682 21.148191 21.031925 20.911286 20.785571 20.653996 20.515726 20.369928 20.215824 20.052758 19.880261 19.698126 19.506454 19.305697 19.096656 18.880443 18.658395 18.431945 18.202465 17.971085 17.738528 17.504966 17.269927 17.032262 16.790173 16.541318 16.282987 16.012351 15.726778 15.424214 15.103578 14.76514 14.410794 14.044149 13.670366 13.295733 12.92701 12.570672 12.232175 11.915384 11.622229 11.352579 11.104285 10.873318 10.653906 10.438657 10.218661 9.9836675 9.7224726 9.423723 9.0773377 8.6766049 8.2206857
22.054415 21.960441 21.863813 21.764726 21.663305 21.559583 21.453474 21.344758 21.233064 21.117864 20.998478 20.874082 20.74374 20.606436 20.461135 20.306846 20.142703 19.968058 19.782572 19.586299 19.379743 19.163878 18.94011 18.71018 18.476002 18.239447 18.002115 17.765102 17.528808 17.292808 17.055795 16.815605 16.569334 16.313531 16.044485 15.758609 15.452908 15.125512 14.776206 14.406864 14.021643 13.626846 13.23038 12.840886 12.466697 12.114857 11.790383 11.495891 11.231548 10.995269 10.783002 10.588998 10.405982 10.225228 10.036587 9.8286173 9.5890277 9.3056877 8.9684245 8.5715613
22.141789 22.046484 21.948673 21.848635 21.746572 21.642581 21.536624 21.428498 21.31782 21.204013 21.086306 20.963745 20.83522 20.699502 20.555308 20.40138 20.236581 20.060015 19.871148 19.669929 19.456887 19.233176 19.000551 18.761254 18.517808 18.272746 18.028289 17.786041 17.546725 17.310015 17.074449 16.837461 16.595496 16.344229 16.078883 15.794672 15.487367 15.153987 14.793539 14.407679 14.001098 13.581438 13.15862 12.743664 12.347232 11.978272 11.643055 11.344781 11.083675 10.857418 10.661674 10.490546 10.336853 10.192209 10.046952 9.8900461 9.7091662 9.4912333 9.2237203 8.8968899
22.229528 22.132604 22.033333 21.932099 21.829204 21.724831 21.619007 21.511565 21.402121 21.290054 21.174504 21.054374 20.928359 20.794983 20.652673 20.499837 20.334994 20.156909 19.964765 19.758328 19.538098 19.305402 19.062394 18.811931 18.557319 18.301947 18.04886 17.80034 17.557558 17.320346 17.087099 16.854803 16.619173 16.37488 16.115898 15.835982 15.52933 15.191446 14.820152 14.416584 13.985883 13.537252 13.083147 12.637643 12.214369 11.824583 11.475909 11.171934 10.912567 10.69482 10.513685 10.362836 10.235053 10.122336 10.015761 9.9052073 9.7791238 9.6246061 9.4281249 9.1772184
22.317656 22.218764 22.117689 22.014943 21.910954 21.806021 21.700259 21.593559 21.485552 21.375585 21.262708 21.145676 21.022972 20.892845 20.753378 20.602584 20.438545 20.259581 20.06447 19.85268 19.624593 19.381676 19.126524 18.862745 18.594636 18.326703 18.063076 17.806935 17.560043 17.322461 17.092439 16.866474 16.639468 16.404982 16.155573 15.883287 15.58038 15.240355 14.859305 14.437375 13.979959 13.498047 13.00729 12.525745 12.070875 11.656787 11.292525 10.981746 10.723495 10.513533 10.345675 10.212808 10.107471 10.021996 9.9483255 9.877588 9.7996216 9.7026541 9.5734723 9.39846
22.406239 22.304964 22.201661 22.097002 21.991574 21.88582 21.779978 21.674021 21.567618 21.460099 21.350431 21.237221 21.118729 20.992902 20.857436 20.709881 20.547782 20.368886 20.171411 19.954362 19.717864 19.463441 19.194157 18.914516 18.630076 18.346799 18.07024 17.804754 17.552871 17.31494 17.08905 16.871139 16.655224 16.433672 16.197508 15.936865 15.6417 15.302961 14.9143 14.474176 13.987829 13.468209 12.934997 12.411477 11.920143 11.478636 11.097451 10.779805 10.523131 10.321198 10.16606 10.049424 9.963355 9.9004312 9.8534875 9.8150828 9.7768326 9.728786 9.6591199 9.5545327
22.495405 22.391257 22.285214 22.178141 22.070822 21.963885 21.857724 21.752431 21.647739 21.542978 21.437049 21.328416 21.215111 21.094763 20.964651 20.821795 20.663105 20.485608 20.28677 20.064909 19.819676 19.552506 19.266907 18.968441 18.664259 18.362225 18.069777 17.792802 17.534788 17.296409 17.075518 16.867393 16.665084 16.459716 16.240753 15.996311 15.713764 15.380934 14.988157 14.531204 14.01442 13.452728 12.870827 12.29891 11.766123 11.294539 10.89603 10.572616 10.319124 10.126449 9.9842611 9.8827108 9.8131999 9.768468 9.7422308 9.728539 9.7209762 9.7118208 9.6913782 9.6478135
22.585355 22.477768 22.368374 22.258271 22.148485 22.039876 21.93304 21.828224 21.725257 21.623496 21.521792 21.418478 21.311369 21.197772 21.074531 20.938092 20.78464 20.610328 20.411644 20.185929 19.932043 19.651068 19.346861 19.026183 18.698196 18.373267 18.061333 17.770269 17.504735 17.265705 17.05063 16.853949 16.667635 16.481578 16.283758 16.060339 15.795989 15.474913 15.083147 14.612397 14.064872 13.45712 12.819947 12.192659 11.613277 11.109441 10.694182 10.367236 10.119554 9.9381644 9.8097569 9.722641 9.6674489 9.6370472 9.6260157 9.6298909 9.6442683 9.6638312 9.6814296 9.6874681
22.676389 22.564717 22.451254 22.337377 22.224406 22.113488 22.005474 21.90081 21.799459 21.70083 21.603747 21.506432 21.406497 21.300948 21.186198 21.058107 20.912072 20.743235 20.546859 20.318948 20.057128 19.761705 19.436635 19.08998 18.733416 18.38062 18.044875 17.736661 17.462022 17.222099 17.013627 16.829901 16.661659 16.497601 16.324441 16.126671 15.886409 15.583982 15.200152 14.720837 14.14416 13.487283 12.788121 12.097911 11.466544 10.928702 10.49814 10.17081 9.9322566 9.7646125 9.6510868 9.578005 9.535241 9.5158249 9.5152006 9.5303483 9.5588249 9.5977277 9.6426187 9.6865789
22.768918 22.652443 22.534084 22.415548 22.298513 22.184477 22.074607 21.969605 21.869601 21.774088 21.681883 21.591117 21.499226 21.40295 21.298312 21.180614 21.044458 20.883881 20.692693 20.465147 20.19705 19.88728 19.539404 19.162746 18.772085 18.385503 18.020825 17.691954 17.406534 17.165558 16.964507 16.795048 16.646456 16.50631 16.360411 16.192114 15.981505 15.705181 15.337924 14.85794 14.256475 13.549205 12.781676 12.020469 11.331354 10.757976 10.314128 9.9900394 9.7641126 9.6126039 9.5149223 9.455437 9.4233938 9.4120831 9.4178298 9.4389951 9.4749897 9.5252293 9.5879875 9.6592133
22.863486 22.741432 22.617242 22.493013 22.370856 22.2527 22.140101 22.034072 21.934958 21.842356 21.755094 21.671228 21.588048 21.502078 21.409026 21.30372 21.180037 21.030905 20.84852 20.624975 20.353541 20.030727 19.658843 19.248156 18.817157 18.38981 17.990185 17.636751 17.338934 17.097 16.904314 16.750219 16.622202 16.506807 16.389381 16.252901 16.076332 15.833262 15.492387 15.022454 14.404294 13.648422 12.807374 11.966832 11.213678 10.6031 10.148018 9.8306256 9.6203487 9.4867556 9.4053536 9.3587462 9.3357652 9.3300886 9.3389375 9.3619743 9.400322 9.4555612 9.5285781 9.6182244
22.960785 22.832339 22.701289 22.570187 22.44166 22.318166 22.201742 22.09378 21.994881 21.904766 21.822275 21.745395 21.671295 21.596336 21.516014 21.424828 21.316093 21.181759 21.012396 20.797622 20.527405 20.19463 19.798932 19.350661 18.87251 18.396263 17.954689 17.572438 17.260853 17.018492 16.835345 16.697496 16.590232 16.499164 16.409699 16.305326 16.165105 15.96096 15.656305 15.209482 14.587124 13.789085 12.872074 11.944253 11.120139 10.470011 10.005012 9.6967707 9.5039974 9.3890065 9.3235132 9.2886479 9.2730657 9.2709429 9.2803891 9.3022686 9.3392588 9.3949284 9.4726294 9.5740609
