img/SCRIBE.NWCSTG.06.05.14Z.png
NCOLS 209
NROWS 152
XLLCORNER -95.154826
YLLCORNER 41.681435
DX 0.099575742
DY 0.099852637
NODATA_VALUE -9999
[rows 0 to 25 of 152, columns 60 to 119 of 209]
5.8694823 5.515841 5.1999316 4.9234277 4.6863416 4.4872062 4.3233747 4.1913832 4.0873207 4.0071682 3.9470836 3.9036253 3.87392 3.8557851 3.8478216 3.8494909 3.8611839 3.884286 3.9212246 3.9754679 4.0514131 4.154074 4.2884566 4.4585475 4.665963 4.9085467 5.179467 5.467441 5.7583713 6.0379942 6.2945551 6.5205215 6.7129242 6.8725898 7.0028624 7.1083478 7.1939635 7.2643548 7.3236081 7.375165 7.4218464 7.4659266 7.5092221 7.5531743 7.5989196 7.6473451 7.6991299 7.7547751 7.8146247 7.8788808 7.9476141 8.0207731 8.098193 8.1796058 8.2646535 8.3529031 8.4438657 8.5370168 8.6318198 8.7277484
5.795138 5.4321237 5.109558 4.8292998 4.5912709 4.3936808 4.2333934 4.1063645 4.008079 3.9339421 3.8795968 3.8411649 3.8154189 3.7999026 3.7930206 3.794115 3.8035453 3.8227775 3.8544755 3.9025612 3.9721762 4.0694208 4.2007094 4.3715841 4.5849761 4.8392444 5.1267649 5.434052 5.7439299 6.0391762 6.3061162 6.5367067 6.7286423 6.8840413 7.007648 7.105257 7.182647 7.2450094 7.2967321 7.3413913 7.3818405 7.4203316 7.4586332 7.4981314 7.5399093 7.5848061 7.6334597 7.6863353 7.743745 7.8058597 7.8727177 7.9442318 8.0201966 8.1002982 8.1841269 8.2711943 8.3609533 8.4528222 8.5462108 8.6405467
5.7417357 5.3682586 5.0379715 4.7530121 4.513263 4.3166221 4.1594493 4.0370911 3.9443966 3.8761674 3.8275119 3.7941022 3.7723494 3.7595173 3.7538054 3.754422 3.7616708 3.777064 3.8034601 3.8451983 3.9081545 3.9995689 4.1274134 4.2990349 4.5189552 4.7861782 5.0920774 5.4203725 5.7500709 6.0605011 6.3360759 6.5686782 6.7572539 6.9056979 7.0204283 7.1085083 7.1765327 7.2301394 7.2739084 7.3114545 7.3455891 7.3784878 7.4118344 7.4469356 7.4848054 7.5262261 7.5717889 7.6219206 7.6768994 7.7368641 7.8018193 7.8716402 7.9460779 8.0247682 8.1072451 8.1929586 8.2812979 8.3716185 8.4632725 8.5556387
5.7113055 5.3259312 4.9864286 4.6953483 4.4526173 4.2558592 4.1009312 3.9825513 3.8949066 3.8321708 3.7888992 3.7603037 3.7424275 3.7322518 3.7277663 3.728036 3.7332914 3.7450623 3.7663644 3.8019168 3.8583142 3.943978 4.0685774 4.2415082 4.4691457 4.7512089 5.0777075 5.4287634 5.778697 6.1029811 6.3844022 6.6155074 6.7972572 6.9358263 7.0394996 7.1165807 7.1743464 7.2187225 7.2543413 7.2847494 7.3126416 7.3400678 7.3685967 7.3994367 7.4335224 7.4715731 7.5141308 7.5615823 7.6141716 7.6720048 7.7350518 7.803148 7.8759973 7.953181 8.0341703 8.1183469 8.2050294 8.2935044 8.3830613 8.4730283
5.7061985 5.307149 4.9564725 4.6573171 4.409784 4.211294 4.0572265 3.9416661 3.858119 3.800109 3.7616207 3.7373938 3.7230981 3.7154293 3.7121664 3.7122272 3.7157593 3.7242928 3.7409746 3.7708764 3.8213011 3.9018929 4.024151 4.1997485 4.4371284 4.7366629 5.0863912 5.4617641 5.8314701 6.1669762 6.4501735 6.6753679 6.8464117 6.9721785 7.0628533 7.1278071 7.174768 7.2097433 7.2372621 7.2606982 7.2825654 7.3047505 7.3286857 7.3554706 7.3859545 7.4207914 7.4604727 7.5053456 7.5556197 7.6113681 7.6725248 7.7388826 7.8100945 7.8856805 7.9650423 8.047485 8.1322482 8.2185425 8.3055898 8.392666
5.7291736 5.3143741 4.9500957 4.6403334 4.3855525 4.1830917 4.027911 3.9134772 3.832606 3.7781531 3.7435138 3.7229411 3.7117224 3.7062645 3.7041349 3.7041059 3.7062421 3.7120705 3.7248627 3.7500366 3.795614 3.8725175 3.9942088 4.1748342 4.4250117 4.7454614 5.1212725 5.5218536 5.9094063 6.2517683 6.5312815 6.7454267 6.901788 7.0121326 7.0883446 7.1405293 7.1765563 7.2022833 7.2219874 7.2387845 7.2549628 7.2722255 7.2918602 7.314854 7.3419696 7.3737948 7.4107708 7.4532046 7.5012719 7.5550121 7.6143213 7.6789465 7.748484 7.8223856 7.8999738 7.9804676 8.0630177 8.1467504 8.2308153 8.3144347
5.7834624 5.3506566 4.9699255 4.6464365 4.3812885 4.1719243 4.0129921 3.8973857 3.8172368 3.7647197 3.7326199 3.714685 3.7058061 3.7020934 3.7009019 3.7008633 3.7019696 3.7057589 3.7156462 3.7374228 3.7798763 3.8552943 3.9792392 4.1684632 4.4356629 4.7811958 5.1857128 5.610983 6.0122905 6.3550999 6.6242388 6.8219084 6.9599849 7.0529547 7.1139317 7.1532871 7.1786816 7.1956049 7.207966 7.2185727 7.2294732 7.2421876 7.2578625 7.2773745 7.3014002 7.3304605 7.3649445 7.4051188 7.4511239 7.5029644 7.5604958 7.6234146 7.6912535 7.7633864 7.8390458 7.9173521 7.9973561 8.0780903 8.1586266 8.2381342
5.8727723 5.4197406 5.0194121 4.678537 4.3992145 4.1792684 4.0132101 3.893451 3.8114696 3.7587545 3.7274618 3.7108095 3.7032719 3.7006491 3.7000804 3.7000643 3.7005408 3.7030936 3.7113315 3.7314903 3.7732217 3.8503087 3.9805505 4.1833133 4.4729212 4.8480407 5.2828086 5.7298207 6.1379843 6.4728357 6.7242422 6.9004135 7.017524 7.0921562 7.1379511 7.1650067 7.1804426 7.1892133 7.1948016 7.1997067 7.2057588 7.2143169 7.2263994 7.242776 7.264034 7.2906222 7.3228738 7.3610115 7.4051387 7.4552224 7.5110742 7.5723339 7.6384616 7.7087419 7.782303 7.8581525 7.9352272 8.0124559 8.0888281 8.1634619
6.0011718 5.5260913 5.102981 4.7406647 4.4427239 4.2077556 4.0304052 3.9027589 3.8157127 3.7600845 3.7273859 3.7102782 3.7027913 3.7003954 3.7000073 3.7000027 3.7003008 3.7025881 3.7107547 3.7316036 3.7758093 3.8588232 4.0007777 4.2234173 4.54166 4.950323 5.4144933 5.8767663 6.281846 6.5989841 6.825619 6.9764981 7.0713664 7.1278771 7.1593702 7.1751529 7.1815442 7.1828816 7.1822413 7.1818772 7.1834646 7.1882422 7.1971145 7.2107399 7.2296031 7.2540675 7.2843999 7.3207732 7.36325 7.4117569 7.4660568 7.5257252 7.5901387 7.6584777 7.7297495 7.8028309 7.8765291 7.9496579 8.0211201 8.0899888
6.1727724 5.6747597 5.2260785 4.8381677 4.5166929 4.2615584 4.0679438 3.9278649 3.8317698 3.7698563 3.7329908 3.7132533 3.7041984 3.7009417 3.700168 3.7001439 3.7008119 3.7040435 3.7141375 3.7386415 3.7894655 3.8839133 4.0444092 4.2943867 4.6474596 5.0915365 5.5802267 6.0470138 6.4366313 6.7262895 6.922658 7.0464022 7.1194222 7.1591977 7.1779642 7.1838174 7.1821254 7.1766315 7.1701239 7.1647532 7.1621498 7.1634851 7.169551 7.1808666 7.1977799 7.2205406 7.2493324 7.2842697 7.3253707 7.3725189 7.4254234 7.4835866 7.5462876 7.6125848 7.6813437 7.7512891 7.8210803 7.8894044 7.9550756 8.0171318
6.3911107 5.8709693 5.3949946 4.9777614 4.6277167 4.3467639 4.1311812 3.973307 3.8633753 3.7910758 3.7466633 3.7216263 3.7090171 3.7035722 3.7017357 3.7016855 3.7034464 3.7091831 3.72377 3.755719 3.8184087 3.931098 4.1181317 4.4031848 4.7955797 5.2727166 5.7755923 6.2322076 6.5932284 6.8474008 7.0106227 7.1077018 7.1608943 7.1863 7.1943879 7.1917474 7.1827483 7.1706765 7.1582807 7.1478641 7.1411812 7.139384 7.1431102 7.1526622 7.1681809 7.1897566 7.2174663 7.2513589 7.2914075 7.3374518 7.3891427 7.4458993 7.5068863 7.571018 7.6369924 7.703357 7.7686028 7.8312781 7.8901103 7.9441193
6.6581402 6.119284 5.6163012 5.1672687 4.7841327 4.471628 4.2278859 4.0461437 3.9168001 3.8292513 3.7732379 3.7396831 3.7211293 3.7119194 3.7082577 3.7082635 3.71212 3.7224176 3.744797 3.7889598 3.8699144 4.0087156 4.2306243 4.55704 4.9890433 5.4905063 5.9915538 6.4212676 6.7422567 6.9562764 7.0865786 7.1596433 7.1963447 7.2104468 7.2101671 7.2003604 7.1843916 7.1653423 7.1463774 7.13041 7.1195717 7.1149951 7.1170141 7.1255432 7.1403936 7.161433 7.1886125 7.2219165 7.2612811 7.3065069 7.3571837 7.4126351 7.4718908 7.5336933 7.5965422 7.6587778 7.7186995 7.7747068 7.8254473 7.8699508
6.9728317 6.4222454 5.8957127 5.4148231 4.9956019 4.646509 4.3684643 4.1563963 4.0014468 3.8930875 3.8207512 3.774894 3.7475859 3.7327907 3.7264926 3.7268004 3.734146 3.7516857 3.7860013 3.8481248 3.9546141 4.127611 4.3913173 4.7612249 5.2261558 5.7358769 6.2152586 6.6024921 6.876012 7.0492594 7.149693 7.2030263 7.2274589 7.2338156 7.2276845 7.2118518 7.1885402 7.1609875 7.1336478 7.1109354 7.0957337 7.0889778 7.0902966 7.0988824 7.1140368 7.1353469 7.1626427 7.1958701 7.2349516 7.2796615 7.3295276 7.383763 7.4412363 7.5004835 7.5597676 7.6171873 7.6708255 7.7189262 7.7600737 7.7933496
7.3295617 6.7785074 6.236244 5.7272892 5.2719431 4.8831648 4.5656922 4.3171481 4.1302323 3.9950744 3.9011741 3.8387398 3.7994903 3.7770808 3.7673317 3.7684087 3.7810843 3.8091873 3.8603121 3.9467174 4.0859284 4.2996 4.6078092 5.0160541 5.498638 5.9947686 6.432653 6.7662036 6.98991 7.1253655 7.2008974 7.239666 7.2565577 7.2592313 7.2502611 7.2295929 7.1975713 7.1579576 7.1183731 7.0867098 7.0671006 7.0595028 7.0618793 7.0721347 7.0888762 7.1114212 7.1395499 7.1732395 7.2124457 7.256938 7.3061803 7.3592556 7.4148366 7.4712092 7.5263539 7.5780873 7.6242516 7.6629349 7.692689 7.7127103
7.7167734 7.1808001 6.6357764 6.1077905 5.6209303 5.1930154 4.8335184 4.5438698 4.3193671 4.1516306 4.0308261 3.9473154 3.8927207 3.8605509 3.8465726 3.8490911 3.8692754 3.9116201 3.9845553 4.1009953 4.2780872 4.5344526 4.8823991 5.3145 5.7920178 6.2511428 6.6319463 6.9067137 7.0828276 7.1857514 7.2420845 7.2715807 7.2858872 7.289742 7.2823726 7.2591931 7.215979 7.1566295 7.0966185 7.0524389 7.0296072 7.0243364 7.030859 7.045103 7.0650081 7.0898366 7.1195137 7.1541758 7.193881 7.2384183 7.2871808 7.3390908 7.3925787 7.4456246 7.4958714 7.5408087 7.5780164 7.6054388 7.621647 7.6260436
8.1166741 7.6144836 7.0846198 6.5526407 6.0450365 5.5840884 5.1844715 4.8524085 4.5869346 4.3822101 4.2299145 4.1211896 4.0479978 4.0039898 3.9850537 3.9897111 4.0194848 4.0792949 4.1778079 4.3273706 4.5426048 4.8360412 5.2093687 5.6423856 6.0890046 6.4912722 6.8062316 7.0227951 7.1564076 7.2327371 7.27518 7.3000874 7.3166242 7.3276694 7.3296276 7.3108789 7.2542425 7.1577296 7.0584604 6.9974821 6.9773799 6.9815641 6.9972199 7.0183827 7.0430894 7.0711407 7.1029498 7.138985 7.1794785 7.2242518 7.2726037 7.3232481 7.3743101 7.4233943 7.4677404 7.5044641 7.5308693 7.5447881 7.5448942 7.5309257
8.5067353 8.0577596 7.5642216 7.0486723 6.537775 6.0568853 5.6255245 5.2551913 4.9496201 4.7066123 4.5203824 4.3836908 4.2894683 4.2319332 4.207329 4.2144244 4.2548738 4.3334406 4.4579165 4.6382675 4.8841175 5.1995163 5.5751515 5.9819992 6.3744797 6.707077 6.9541756 7.1168299 7.2139174 7.2688987 7.3014517 7.3250388 7.3475616 7.3722915 7.3964873 7.4030971 7.342586 7.1638945 6.9739911 6.9009286 6.9047237 6.9319729 6.9631272 6.9938928 7.0245157 7.0562915 7.0905131 7.128123 7.1695586 7.2146514 7.2625532 7.311697 7.3598181 7.4040599 7.4411842 7.4678883 7.4812021 7.478909 7.4599119 7.4244637
8.8632003 8.4843516 8.0483683 7.572581 7.0812052 6.6004073 6.1531754 5.7558995 5.4174044 5.139964 4.9213 4.7567036 4.6408159 4.5689367 4.5379133 4.5466999 4.596641 4.6914305 4.8365346 5.0376491 5.2976207 5.6116418 5.9621499 6.3175555 6.6394683 6.8971055 7.0790277 7.1934466 7.2592965 7.2966093 7.3213593 7.3446344 7.3740514 7.4157975 7.4759891 7.5550281 7.5839452 7.1918719 6.7307293 6.7358619 6.8172642 6.8837866 6.9342408 6.9750659 7.0113411 7.0465547 7.0830243 7.1221519 7.1645169 7.2098791 7.2571491 7.3043761 7.3487978 7.3869938 7.4151689 7.429567 7.4269754 7.4052394 7.3636778 7.303298
9.1657649 8.8684146 8.5074711 8.0937208 7.6466338 7.1905829 6.7498225 6.3442609 5.9873194 5.6859264 5.4418821 5.2537134 5.1184192 5.0328413 4.9946101 5.00269 5.0575319 5.1607672 5.3142727 5.5183711 5.7690545 6.0547441 6.3543633 6.6395496 6.8824063 7.065456 7.1869967 7.258403 7.2967165 7.3181384 7.3350947 7.356382 7.3890815 7.4418662 7.5317511 7.7051116 8.1358787 7.7794849 6.0680307 6.5623313 6.7546329 6.8551338 6.9188925 6.9659935 7.0057527 7.0432188 7.0813243 7.1216688 7.1647891 7.210224 7.2565055 7.3011639 7.3408083 7.37134 7.3883305 7.387559 7.365649 7.3206858 7.2526685 7.1636691
9.4017196 9.1900427 8.9148657 8.5802632 8.1995869 7.7931995 7.3841961 6.9939519 6.6391144 6.3305923 6.0741239 5.8716401 5.7227659 5.6260845 5.5800196 5.5832972 5.6349756 5.734003 5.8782499 6.0630146 6.2792343 6.512143 6.7417114 6.946142 7.1080012 7.2198932 7.2858993 7.3180311 7.3306307 7.3361502 7.3436126 7.3591848 7.3879296 7.4365046 7.5180123 7.6629527 7.920241 7.3029072 6.3466447 6.6123137 6.7706039 6.8623439 6.9232119 6.9694345 7.0092333 7.0472345 7.0861184 7.1272388 7.1708205 7.2159819 7.2607048 7.3018391 7.3352171 7.3559433 7.3588957 7.3394224 7.2941342 7.2216277 7.12294 7.0015884
9.5679177 9.4391222 9.2525988 9.0064862 8.7077261 8.3713396 8.0172761 7.6662572 7.3363186 7.0409891 6.7890612 6.5853528 6.4318178 6.3285731 6.2746301 6.2682588 6.3069752 6.3871708 6.5034392 6.6477446 6.8087606 6.9719634 7.1211781 7.2418428 7.3250467 7.3701865 7.3844125 7.3791761 7.3661027 7.354283 7.3495568 7.3551712 7.372928 7.4040448 7.4481966 7.4934242 7.4653616 7.1759058 6.853375 6.8045037 6.8497697 6.9013969 6.9460483 6.9852003 7.0219994 7.059015 7.0979106 7.1393781 7.18306 7.2274434 7.2697709 7.3060349 7.331135 7.339271 7.324607 7.2821658 7.208801 7.1040094 6.9703269 6.8131527
9.6700181 9.6161 9.5142794 9.357995 9.1482688 8.8943539 8.6118441 8.3191541 8.0339718 7.7708799 7.5404395 7.3493563 7.2011631 7.0969711 7.036049 7.0161403 7.0335246 7.0828775 7.1570278 7.2467773 7.3410391 7.4276351 7.4950263 7.5348329 7.5442535 7.5269887 7.4918098 7.4494017 7.4091917 7.3775487 7.3575595 7.3497133 7.3526253 7.3629331 7.3730566 7.3646668 7.3015131 7.1611114 7.0144355 6.9435926 6.9352537 6.9534891 6.9804893 7.0107043 7.043259 7.0785848 7.1170988 7.1586134 7.2019903 7.2448947 7.2836413 7.3131851 7.3273454 7.3193424 7.2826754 7.2122584 7.1055823 6.9635699 6.7908095 6.5950346
9.7197524 9.7298919 9.704294 9.6329315 9.5117009 9.3442239 9.1412153 8.9177769 8.6900033 8.472252 8.2756721 8.107846 7.9730838 7.8729425 7.8067131 7.77177 7.7637812 7.7768249 7.8034947 7.8351104 7.8622062 7.8754914 7.8673938 7.8339581 7.7763606 7.7010261 7.6178522 7.537219 7.4672609 7.4125134 7.3739964 7.3500332 7.3369901 7.329338 7.3187628 7.2931196 7.2396345 7.1591246 7.0776159 7.023823 7.0028549 7.0047923 7.0199989 7.0431896 7.0721495 7.1060293 7.1442117 7.1856084 7.2281852 7.2686256 7.3021377 7.32247 7.3222428 7.2936868 7.2297968 7.125748 6.9802315 6.796258 6.5810756 6.3451452
9.7315923 9.7943736 9.8345533 9.8396 9.8009928 9.7170112 9.5933409 9.4412841 9.2746643 9.1068773 8.9489607 8.8087811 8.6910003 8.5974214 8.5274377 8.4784523 8.4462261 8.4251643 8.4085844 8.3890434 8.3588608 8.3110047 8.2404349 8.1457124 8.0302254 7.9021176 7.772432 7.6520853 7.5491156 7.4673673 7.4067163 7.3641168 7.334652 7.3121469 7.2894453 7.2591867 7.2165826 7.1641329 7.1128246 7.0747846 7.0551418 7.0522151 7.0621128 7.0816195 7.1087025 7.1420079 7.1801889 7.221312 7.2623735 7.2989352 7.3249337 7.3327682 7.3138005 7.2593684 7.1622819 7.0185412 6.8287794 6.5988573 6.3392588 6.0634006
9.7199649 9.8250055 9.9206503 9.9924616 10.027922 10.020129 9.9696828 9.8839024 9.7741304 9.6526214 9.5301924 9.4149894 9.3121563 9.2240281 9.1505446 9.0897054 9.0379793 8.9906387 8.942034 8.8858723 8.8156409 8.7253634 8.610836 8.4712312 8.3104878 8.1375169 7.9645259 7.8038518 7.6647915 7.551887 7.4650309 7.4007071 7.3534419 7.3169457 7.2849715 7.2523084 7.2162706 7.1781406 7.1428446 7.1161079 7.1013976 7.0992334 7.1084133 7.1273076 7.1543861 7.1881218 7.2266052 7.2670771 7.3054829 7.3361253 7.3515245 7.3426374 7.2996054 7.2131276 7.076356 6.8868938 6.6482082 6.3697829 6.0657547 5.7524358
9.6975541 9.8365034 9.9788219 10.108402 10.208798 10.267853 10.280975 10.251503 10.18845 10.103219 10.006806 9.9081273 9.8133831 9.7260717 9.6473237 9.576323 9.5106943 9.4468032 9.3799663 9.304631 9.2146657 9.1039743 8.9676502 8.8036906 8.6148086 8.409322 8.2000628 8.0012386 7.8246304 7.6770157 7.5597231 7.4698407 7.4020056 7.3499999 7.3079438 7.2712319 7.237324 7.2061587 7.179721 7.1607372 7.1512938 7.15223 7.1633285 7.1837441 7.2122315 7.247072 7.2857821 7.3247129 7.3586432 7.3804786 7.3812132 7.3503535 7.277005 7.1516899 6.9686659 6.7281111 6.4372793 6.1099145 5.7639132 5.4180342
