img/SCRIBE.NWCSTG.06.05.14Z.png
NCOLS 209
NROWS 152
XLLCORNER -95.154826
YLLCORNER 41.681435
DX 0.099575742
DY 0.099852637
NODATA_VALUE -9999
[rows 78 to 103 of 152, columns 120 to 179 of 209]
15.790761 15.617968 15.485374 15.394996 15.338931 15.306789 15.290306 15.285716 15.295356 15.33066 15.420997 15.629737 16.055969 16.749214 17.548777 18.179348 18.547322 18.726134 18.801751 18.82291 18.810455 18.771651 18.709421 18.628396 18.538447 18.452916 18.379498 18.309803 18.217574 18.065218 17.810515 17.413087 16.851271 16.157681 15.44658 14.867576 14.499542 14.314917 14.240439 14.216309 14.211608 14.216949 14.234535 14.271473 14.336016 14.435483 14.575012 14.756793 14.979741 15.239646 15.529793 15.84192 16.16728 16.497582 16.825643 17.145735 17.453636 17.746512 18.022691 18.281405
16.057137 15.836227 15.655098 15.523446 15.437137 15.386302 15.362162 15.361187 15.388488 15.463845 15.633804 15.983531 16.600383 17.419356 18.15534 18.607663 18.820191 18.905438 18.934246 18.936433 18.921043 18.889072 18.840367 18.77866 18.715109 18.665767 18.639118 18.623206 18.586927 18.490024 18.28686 17.924255 17.350473 16.562083 15.68145 14.939088 14.484808 14.282517 14.21716 14.202846 14.2014 14.204654 14.218015 14.25141 14.314998 14.417106 14.563129 14.754913 14.990575 15.264838 15.569836 15.896257 16.234538 16.575859 16.912794 17.239592 17.552176 17.84794 18.125481 18.384306
16.452018 16.181396 15.941018 15.753086 15.622502 15.543168 15.507202 15.512344 15.568228 15.704785 15.982688 16.48437 17.22317 18.004682 18.55939 18.835609 18.942281 18.976671 18.98511 18.982737 18.971475 18.949185 18.914784 18.873009 18.838457 18.831576 18.860735 18.907551 18.936038 18.908269 18.783917 18.507272 17.998428 17.185917 16.135027 15.152695 14.537696 14.281032 14.210613 14.200302 14.20001 14.201643 14.213247 14.246955 14.314134 14.423422 14.579848 14.784433 15.034216 15.322783 15.641254 15.979547 16.327631 16.676505 17.018792 17.348938 17.663137 17.959081 18.235653 18.492617
16.983315 16.679269 16.381293 16.126502 15.936076 15.814372 15.758167 15.767916 15.857485 16.062631 16.441348 17.034712 17.761834 18.393458 18.770528 18.932051 18.984054 18.996518 18.998344 18.996738 18.990444 18.976373 18.953992 18.930658 18.926453 18.966971 19.056764 19.165921 19.254049 19.291097 19.250789 19.090566 18.727247 18.027536 16.910728 15.636311 14.728901 14.33187 14.220284 14.20159 14.200452 14.203643 14.219408 14.260554 14.338494 14.461259 14.632836 14.853017 15.117656 15.419365 15.74862 16.095055 16.448661 16.800681 17.144094 17.473737 17.786169 18.079402 18.352578 18.605676
17.599378 17.30152 16.973464 16.6601 16.402314 16.22374 16.132942 16.135651 16.247284 16.499093 16.925789 17.513199 18.133799 18.606743 18.863946 18.965939 18.994811 18.999711 18.999979 18.999478 18.99614 18.987235 18.973856 18.967423 18.995083 19.086143 19.234353 19.393722 19.522624 19.603007 19.625492 19.569265 19.377343 18.917471 17.978909 16.548436 15.220901 14.517884 14.279837 14.221414 14.212341 14.220329 14.247636 14.304632 14.400986 14.543045 14.73318 14.969808 15.247798 15.559258 15.894629 16.243881 16.597566 16.94756 17.287437 17.612531 17.91978 18.207467 18.474931 18.722284
18.184793 17.939982 17.63365 17.30107 16.992862 16.75466 16.614953 16.589789 16.694471 16.947682 17.354459 17.865023 18.356898 18.709873 18.898458 18.974122 18.996011 18.999784 18.999986 18.999601 18.997063 18.990914 18.984867 18.995685 19.057666 19.198536 19.393255 19.581272 19.726247 19.822722 19.874059 19.877389 19.808414 19.586088 19.009719 17.814193 16.218418 15.039415 14.510492 14.332645 14.285881 14.291079 14.331025 14.407365 14.525025 14.687299 14.894509 15.143839 15.429672 15.744285 16.078766 16.423994 16.771483 17.113962 17.445668 17.762391 18.061354 18.341004 18.600762 18.84078
18.627745 18.45994 18.221441 17.925484 17.612292 17.337056 17.148508 17.078393 17.144967 17.355655 17.69493 18.102901 18.481795 18.752972 18.903898 18.970048 18.992655 18.998371 18.999226 18.998474 18.995839 18.991945 18.994168 19.025217 19.123407 19.305868 19.52628 19.719995 19.861674 19.954721 20.008361 20.029378 20.015103 19.930827 19.654928 18.924286 17.568609 16.087052 15.132311 14.696561 14.533874 14.497189 14.52949 14.612664 14.741623 14.914357 15.12844 15.379912 15.663113 15.970996 16.295716 16.629309 16.964313 17.29423 17.613793 17.919054 18.207333 18.477072 18.72765 18.959167
18.894964 18.79657 18.638577 18.415611 18.146233 17.875784 17.660474 17.546314 17.559279 17.703625 17.956846 18.264059 18.551878 18.76556 18.893813 18.957413 18.983893 18.993166 18.995593 18.995142 18.993348 18.993686 19.007907 19.063304 19.194878 19.401439 19.624167 19.807802 19.938191 20.021475 20.066898 20.085086 20.084995 20.055939 19.929104 19.533994 18.660102 17.388165 16.214641 15.467393 15.090854 14.937045 14.910032 14.963119 15.07487 15.234606 15.435632 15.672275 15.938646 16.228271 16.534188 16.849294 17.166776 17.480508 17.785348 18.077298 18.353535 18.612333 18.85292 19.075281
19.025738 18.974711 18.882056 18.73435 18.53258 18.30313 18.093892 17.954989 17.919828 17.996507 18.165823 18.384187 18.597834 18.766306 18.876862 18.938968 18.969614 18.983135 18.988389 18.990141 18.99205 19.000856 19.03207 19.113004 19.26664 19.474541 19.681227 19.848246 19.968706 20.046432 20.086206 20.098405 20.099241 20.088126 20.010971 19.759024 19.222254 18.373258 17.379893 16.524366 15.949884 15.629244 15.486102 15.460445 15.515904 15.631727 15.79553 15.998848 16.234703 16.496387 16.777024 17.06959 17.367211 17.663538 17.953096 18.231513 18.495616 18.743402 18.973899 19.186975
19.078091 19.054185 19.00425 18.914455 18.777525 18.604122 18.4268 18.288762 18.22474 18.247836 18.346703 18.490739 18.642064 18.770539 18.862915 18.921082 18.954169 18.971797 18.981299 18.988096 18.997883 19.020011 19.070858 19.171281 19.328645 19.517384 19.69681 19.844819 19.958878 20.039787 20.085321 20.099223 20.0999 20.08752 19.992969 19.759863 19.398491 18.883884 18.211434 17.488911 16.868228 16.427152 16.160401 16.031024 16.003651 16.053028 16.162505 16.3207 16.518805 16.748912 17.003216 17.273852 17.553125 17.833898 18.109981 18.376413 18.629587 18.867215 19.08818 19.292302
19.094901 19.084686 19.059266 19.007627 18.921018 18.801485 18.667839 18.551089 18.480464 18.470636 18.517643 18.602885 18.701727 18.792969 18.864829 18.915171 18.947847 18.96876 18.98375 18.998505 19.019851 19.057536 19.124432 19.230988 19.373279 19.529059 19.673974 19.797458 19.900356 19.984712 20.046782 20.078834 20.077258 20.00022 19.78894 19.560898 19.349142 19.06855 18.655106 18.126918 17.578277 17.107721 16.763085 16.545973 16.438383 16.420173 16.474825 16.589513 16.75363 16.957476 17.191559 17.44648 17.713191 17.983431 18.25014 18.507751 18.752302 18.981364 19.193836 19.389657
19.099025 19.094977 19.082642 19.054628 19.004016 18.929712 18.841193 18.757283 18.69795 18.675289 18.689769 18.732205 18.788774 18.846401 18.896462 18.935742 18.965234 18.98828 19.009301 19.033461 19.066929 19.116851 19.189642 19.286712 19.400307 19.515779 19.620232 19.708047 19.778947 19.832717 19.862146 19.837512 19.684854 19.435319 19.306462 19.267514 19.220099 19.093876 18.839385 18.452272 17.988798 17.53495 17.157805 16.886556 16.722773 16.65595 16.672699 16.759998 16.905606 17.097718 17.324745 17.575415 17.839151 18.106542 18.369772 18.622883 18.861826 19.08432 19.28956 19.477851
19.09981 19.098418 19.093366 19.080852 19.056987 19.020355 18.974554 18.928142 18.891159 18.870791 18.869129 18.883539 18.908552 18.938158 18.967697 18.99483 19.019551 19.043641 19.07003 19.102277 19.143982 19.197812 19.264056 19.339402 19.417227 19.489753 19.550251 19.59306 19.610986 19.590183 19.503686 19.331018 19.165372 19.114115 19.115156 19.132473 19.135664 19.070084 18.883014 18.55704 18.130809 17.681998 17.285017 16.98382 16.792232 16.706093 16.713549 16.800378 16.951993 17.154007 17.392471 17.654182 17.927141 18.201041 18.467667 18.721088 18.957611 19.175526 19.374699 19.556111
19.100243 19.100736 19.101465 19.10204 19.101707 19.099427 19.094279 19.086122 19.07606 19.066246 19.059107 19.056501 19.059219 19.067037 19.079224 19.095189 19.114953 19.139252 19.16928 19.206092 19.249768 19.298648 19.349149 19.396656 19.437017 19.467287 19.484599 19.483719 19.454966 19.385251 19.271805 19.157195 19.105756 19.100017 19.10061 19.105964 19.1011 19.033762 18.841558 18.497386 18.039258 17.553509 17.125892 16.80808 16.616221 16.544502 16.577466 16.69679 16.884037 17.121552 17.392806 17.682737 17.978201 18.268426 18.545331 18.803596 19.040464 19.255324 19.449166 19.624001
19.10247 19.10636 19.115113 19.131534 19.157294 19.190639 19.225484 19.253718 19.269345 19.271069 19.261965 19.247442 19.233109 19.223377 19.220976 19.227191 19.242378 19.266345 19.298327 19.336571 19.377846 19.41737 19.449595 19.469734 19.475254 19.466208 19.443609 19.40654 19.351029 19.275009 19.190712 19.128258 19.103907 19.100292 19.100546 19.099682 19.075054 18.967184 18.703548 18.258416 17.693945 17.127901 16.662399 16.347333 16.188624 16.16959 16.265978 16.452827 16.7067 17.006167 17.331957 17.667237 17.998035 18.313631 18.606727 18.873326 19.112296 19.324737 19.513256 19.681272
19.112593 19.12397 19.147017 19.187119 19.246406 19.319494 19.39321 19.452267 19.486425 19.493675 19.478961 19.451041 19.419472 19.39246 19.375726 19.3723 19.38289 19.406352 19.439919 19.47921 19.518344 19.550508 19.569026 19.568608 19.546531 19.503577 19.44406 19.374037 19.29905 19.225192 19.162735 19.122796 19.105775 19.100964 19.097726 19.081728 19.012032 18.807511 18.384387 17.74455 17.013566 16.356952 15.879827 15.609487 15.528244 15.603211 15.800139 16.087471 16.43681 16.822768 17.223092 17.619111 17.996256 18.344382 18.657718 18.934404 19.175718 19.385134 19.567388 19.72766
19.145779 19.172247 19.220496 19.296521 19.398833 19.51407 19.620665 19.698826 19.738236 19.739165 19.70952 19.661237 19.607235 19.55904 19.525158 19.51034 19.515656 19.538964 19.575454 19.618265 19.659342 19.690529 19.7045 19.695192 19.658139 19.591764 19.500087 19.394624 19.291702 19.206018 19.145901 19.111517 19.095136 19.084508 19.063535 18.999746 18.82097 18.415624 17.713454 16.805569 15.916226 15.231335 14.814783 14.648928 14.689931 14.893311 15.219482 15.632888 16.100834 16.593491 17.084836 17.553843 17.985352 18.370305 18.705282 18.991497 19.233494 19.437812 19.611798 19.762688
19.230048 19.283612 19.371777 19.496451 19.646392 19.797124 19.921226 19.999921 20.02712 20.007036 19.950441 19.871799 19.786936 19.710658 19.654509 19.625257 19.624425 19.64867 19.69072 19.740847 19.788767 19.825401 19.843584 19.837403 19.800953 19.728427 19.61787 19.478519 19.333943 19.211481 19.125743 19.073285 19.038411 18.998199 18.917359 18.729475 18.320424 17.57333 16.51525 15.389854 14.472181 13.881759 13.604799 13.584776 13.768257 14.11219 14.578908 15.131471 15.732476 16.34582 16.939757 17.489662 17.979508 18.401845 18.75657 19.049024 19.287934 19.483558 19.646252 19.785501
19.400621 19.496143 19.637087 19.814052 20.001745 20.167641 20.286034 20.344902 20.343953 20.290318 20.196012 20.076933 19.951631 19.838816 19.754032 19.706842 19.699438 19.726769 19.777996 19.839268 19.897317 19.942319 19.968388 19.971628 19.947088 19.886522 19.779824 19.623976 19.436438 19.253615 19.105084 18.992713 18.892995 18.763544 18.536507 18.104395 17.339172 16.208134 14.910135 13.772742 12.992221 12.576722 12.457691 12.571627 12.876935 13.343655 13.941093 14.631407 15.370005 16.110777 16.812902 17.446177 17.993272 18.449022 18.817814 19.110295 19.340269 19.522259 19.669858 19.794806
19.674183 19.822368 20.016403 20.231173 20.431381 20.586308 20.679222 20.706016 20.669695 20.577124 20.439104 20.271796 20.096809 19.938319 19.817845 19.749208 19.735685 19.769712 19.834981 19.911246 19.980815 20.033202 20.065046 20.07627 20.065351 20.025367 19.942038 19.79817 19.590347 19.34549 19.104538 18.883029 18.655163 18.359442 17.901585 17.165705 16.078621 14.73234 13.41383 12.409184 11.809139 11.548834 11.540638 11.734612 12.11234 12.663245 13.366184 14.181494 15.053571 15.92123 16.730311 17.442824 18.039981 18.519983 18.893153 19.17666 19.390144 19.55268 19.681046 19.78901
20.018267 20.216742 20.447234 20.67359 20.861494 20.990155 21.052604 21.049116 20.981854 20.853966 20.672456 20.452465 20.219381 20.005486 19.841512 19.747823 19.729512 19.775614 19.861794 19.958016 20.040048 20.097089 20.129962 20.143785 20.141482 20.119581 20.064713 19.952285 19.756479 19.47623 19.145028 18.793017 18.406834 17.927671 17.268716 16.342836 15.118211 13.708132 12.405532 11.496549 11.0259 10.866662 10.911521 11.128744 11.528545 12.123498 12.903831 13.827189 14.823148 15.810319 16.717277 17.496917 18.129837 18.619383 18.983469 19.246843 19.435367 19.572533 19.677862 19.766616
20.362295 20.596397 20.841279 21.059662 21.22583 21.329447 21.369712 21.3476 21.26166 21.108731 20.8892 20.615062 20.315929 20.035845 19.819402 19.696471 19.674924 19.740036 19.856934 19.981056 20.078235 20.138045 20.168025 20.179819 20.180591 20.170074 20.137903 20.059011 19.8942 19.612056 19.222325 18.765043 18.25906 17.680529 16.9739 16.058205 14.842193 13.342108 11.893471 10.959053 10.574316 10.484927 10.544272 10.747192 11.137777 11.752254 12.591728 13.609685 14.717514 15.809761 16.795972 17.621053 18.267662 18.746816 19.085561 19.316734 19.472156 19.579004 19.658628 19.726923
20.646508 20.899977 21.145745 21.351373 21.499646 21.587145 21.616531 21.58849 21.497296 21.331758 21.08233 20.754185 20.380563 20.021861 19.742687 19.585229 19.560573 19.651458 19.812286 19.978022 20.097769 20.161481 20.187216 20.195071 20.195919 20.191347 20.173562 20.120131 19.987526 19.723286 19.311624 18.800224 18.254512 17.703798 17.12283 16.409933 15.355268 13.732863 11.848695 10.687299 10.363928 10.327905 10.37599 10.550248 10.928722 11.56368 12.461614 13.568291 14.773739 15.94723 16.981901 17.819876 18.450705 18.89581 19.192096 19.379967 19.496046 19.569779 19.622947 19.670948
20.846378 21.109203 21.353905 21.552166 21.690617 21.769482 21.795047 21.769323 21.682918 21.515309 21.243555 20.861041 20.402754 19.951365 19.59924 19.401509 19.369809 19.487728 19.706457 19.936836 20.09663 20.171379 20.194894 20.199422 20.199701 20.197931 20.187635 20.1493 20.040183 19.797995 19.390503 18.874734 18.363194 17.934192 17.587193 17.226125 16.606917 15.2094 12.64399 10.684863 10.309799 10.300288 10.330096 10.496897 10.895471 11.578729 12.550529 13.743912 15.025095 16.241479 17.27899 18.086839 18.667445 19.054195 19.292855 19.429496 19.503453 19.544407 19.572817 19.602286
20.959652 21.228355 21.478017 21.679369 21.816015 21.889436 21.912647 21.892627 21.816602 21.652698 21.361875 20.921322 20.365623 19.808092 19.378017 19.138248 19.09043 19.220825 19.49847 19.824503 20.061301 20.167244 20.196056 20.199921 20.199995 20.199022 20.190943 20.158438 20.06169 19.837802 19.450685 18.96704 18.529839 18.244946 18.125666 18.1039 18.034198 17.563001 15.513344 11.604283 10.371697 10.31207 10.373394 10.603089 11.07961 11.849265 12.910223 14.177707 15.493722 16.694237 17.674332 18.402669 18.898768 19.206553 19.377399 19.459922 19.493454 19.505524 19.513349 19.527465
20.98722 21.260535 21.525216 21.744862 21.889797 21.958482 21.976948 21.963478 21.899546 21.737038 21.420901 20.912465 20.245965 19.577443 19.081288 18.812335 18.741567 18.849008 19.142797 19.572875 19.948103 20.134295 20.189081 20.198711 20.199386 20.197233 20.187064 20.153395 20.06054 19.852138 19.498364 19.068701 18.708552 18.527146 18.537007 18.67139 18.827351 18.894634 18.592619 15.94776 11.690005 10.737123 10.743593 11.043542 11.607153 12.464888 13.599067 14.895764 16.175277 17.280582 18.135705 18.737836 19.122399 19.338568 19.438441 19.469724 19.469001 19.45923 19.452527 19.455293
