img/SCRIBE.NWCSTG.06.05.14Z.png
NCOLS 209
NROWS 152
XLLCORNER -95.154826
YLLCORNER 41.681435
DX 0.099575742
DY 0.099852637
NODATA_VALUE -9999
[rows 78 to 103 of 152, columns 0 to 59 of 209]
28.026296 28.258623 28.615473 29.077453 29.505066 29.744965 29.773224 29.622142 29.313167 28.889273 28.454858 28.136845 27.984358 27.953021 27.975868 28.007719 28.028741 28.033919 28.021194 27.98389 27.90777 27.772995 27.563152 27.276487 26.923778 26.509173 26.017139 25.428566 24.764851 24.118918 23.608928 23.286934 23.120809 23.048572 23.021631 23.013706 23.014466 23.022166 23.039735 23.075246 23.141584 23.23467 23.316851 23.366198 23.389733 23.398329 23.399966 23.39998 23.397467 23.373686 23.267523 22.939972 22.175912 20.851624 19.216292 17.766455 16.769143 16.183912 15.881275 15.773222
28.852736 29.258526 29.702548 30.065181 30.260376 30.31979 30.29734 30.183538 29.924596 29.481644 28.918035 28.428196 28.157658 28.069882 28.063107 28.074552 28.082857 28.084398 28.078063 28.058853 28.01506 27.927028 27.769538 27.518955 27.159444 26.680555 26.073785 25.350943 24.584639 23.909934 23.437484 23.175345 23.058308 23.016147 23.004234 23.001919 23.002828 23.007354 23.01925 23.046998 23.107067 23.204257 23.298218 23.356297 23.384607 23.395991 23.399135 23.399036 23.393085 23.35684 23.211928 22.778008 21.786915 20.159853 18.355255 16.970541 16.149732 15.730728 15.546699 15.51276
29.425643 29.810455 30.131426 30.319349 30.385824 30.396882 30.390166 30.342125 30.178889 29.804163 29.202356 28.593801 28.237614 28.115152 28.092743 28.09448 28.09736 28.097907 28.095582 28.086853 28.062617 28.005658 27.889338 27.679209 27.337772 26.831519 26.145678 25.318632 24.476054 23.787607 23.346528 23.123344 23.033653 23.00613 23.000553 23.000051 23.000366 23.002731 23.01069 23.031275 23.079608 23.16733 23.264275 23.331391 23.367711 23.384856 23.390915 23.388746 23.37032 23.297989 23.062409 22.426803 21.096944 19.167323 17.359638 16.20317 15.620973 15.362998 15.265919 15.262432
29.734021 30.04051 30.258594 30.367041 30.397507 30.4 30.398588 30.373656 30.257501 29.933734 29.328204 28.658856 28.262301 28.127773 28.100476 28.098876 28.099786 28.09994 28.099336 28.095566 28.081529 28.042478 27.953133 27.775469 27.459434 26.951874 26.225354 25.333183 24.441159 23.742487 23.315635 23.108436 23.028137 23.004573 23.000258 23.000001 23.000168 23.001953 23.008254 23.024081 23.060259 23.128911 23.215209 23.285205 23.328623 23.351184 23.357595 23.34543 23.295473 23.146182 22.742408 21.796371 20.089772 18.033522 16.464911 15.633089 15.276612 15.140375 15.096839 15.101078
29.872794 30.117206 30.282866 30.366482 30.394142 30.398685 30.395243 30.367424 30.254787 29.940436 29.337095 28.663238 28.26669 28.131746 28.10265 28.099652 28.099946 28.099998 28.099853 28.097857 28.088073 28.057643 27.983227 27.826848 27.533543 27.039093 26.305267 25.388612 24.473367 23.763704 23.332476 23.120913 23.035664 23.008064 23.001427 23.000445 23.000904 23.003246 23.009339 23.021969 23.046873 23.092144 23.154375 23.213464 23.25481 23.274969 23.270917 23.229951 23.114166 22.828018 22.170408 20.86458 18.921463 17.028278 15.838732 15.301141 15.103332 15.039987 15.023715 15.027654
29.914572 30.119703 30.261713 30.341318 30.375521 30.384176 30.374912 30.33066 30.19447 29.860438 29.268601 28.638855 28.268768 28.136362 28.104414 28.099842 28.09987 28.099992 28.099846 28.09786 28.088641 28.060548 27.991968 27.846543 27.569545 27.094401 26.378458 25.473979 24.56149 23.84253 23.392686 23.160479 23.058373 23.019678 23.007144 23.003978 23.004393 23.007391 23.013302 23.022437 23.035746 23.056183 23.085357 23.116626 23.137928 23.137647 23.101268 23.000418 22.772902 22.290582 21.343079 19.773602 17.865885 16.324765 15.483735 15.143912 15.035157 15.007682 15.002827 15.004695
29.897206 30.077048 30.207169 30.287777 30.328104 30.338204 30.3186 30.249107 30.076073 29.716872 29.158744 28.605155 28.274176 28.144223 28.10734 28.100049 28.099458 28.099554 28.09895 28.095687 28.08448 28.054307 27.984912 27.84223 27.574973 27.120846 26.43947 25.575889 24.690803 23.970176 23.495273 23.231384 23.102658 23.045971 23.023167 23.015161 23.013818 23.016022 23.019995 23.023331 23.022953 23.017475 23.009027 22.998452 22.978384 22.932475 22.834296 22.638127 22.260724 21.564158 20.392437 18.765343 17.099949 15.915392 15.313715 15.082337 15.014546 15.001175 15.000036 15.000495
29.838989 29.999803 30.120657 30.200149 30.241543 30.247395 30.212025 30.112834 29.9042 29.536077 29.036446 28.570858 28.282353 28.155205 28.11197 28.100422 28.098132 28.097441 28.09557 28.089752 28.074441 28.038861 27.96386 27.818067 27.555558 27.122379 26.484982 25.6812 24.844211 24.134938 23.637441 23.337373 23.175202 23.09406 23.055744 23.038788 23.032259 23.030386 23.028813 23.022381 23.004916 22.97191 22.923805 22.862976 22.784436 22.669583 22.483426 22.168306 21.634799 20.769435 19.509023 17.999463 16.628288 15.711799 15.249439 15.067267 15.012129 15.000971 15.000024 15.000407
29.749809 29.893374 30.003444 30.07699 30.112936 30.108476 30.053897 29.927636 29.697696 29.345665 28.919027 28.537804 28.290211 28.167406 28.117742 28.100587 28.095052 28.092168 28.08769 28.077813 28.056454 28.012882 27.92901 27.776511 27.515877 27.10327 26.513825 25.779264 25.004628 24.321615 23.811263 23.477512 23.279213 23.168634 23.109342 23.07819 23.061493 23.0506 23.038417 23.01727 22.978777 22.916285 22.827747 22.713544 22.568049 22.371535 22.085922 21.652259 20.993601 20.042191 18.814758 17.495681 16.376178 15.636065 15.246698 15.079424 15.020767 15.004704 15.001739 15.00293
29.636599 29.762806 29.859497 29.922396 29.947623 29.929311 29.856712 29.713049 29.481495 29.165321 28.812834 28.504631 28.294106 28.177666 28.122717 28.099245 28.088906 28.082094 28.073304 28.057665 28.028462 27.974986 27.880336 27.71954 27.459877 27.067665 26.526452 25.862998 25.157651 24.513642 24.003678 23.644416 23.411982 23.269617 23.184763 23.133918 23.101248 23.075467 23.046967 23.006027 22.942778 22.849059 22.720308 22.55371 22.341588 22.064152 21.685744 21.156264 20.422695 19.461635 18.332459 17.202245 16.270667 15.64156 15.287039 15.116224 15.044758 15.018882 15.011727 15.0136
29.505471 29.614003 29.695446 29.744842 29.756981 29.725132 29.640106 29.491605 29.274904 29.003525 28.717554 28.469129 28.290917 28.182463 28.123989 28.09422 28.077887 28.065475 28.050616 28.027543 27.989001 27.92443 27.818324 27.649256 27.391097 27.019257 26.524255 25.928735 25.293206 24.696255 24.199347 23.825604 23.56491 23.391563 23.278469 23.203307 23.149146 23.102754 23.05258 22.987445 22.896537 22.770631 22.603058 22.388114 22.116341 21.76934 21.317811 20.725862 19.965409 19.043349 18.030669 17.059183 16.262313 15.703885 15.364292 15.181118 15.091881 15.052698 15.039012 15.040369
29.362221 29.453419 29.519234 29.554648 29.554344 29.512334 29.422278 29.27972 29.087218 28.860678 28.630228 28.429326 28.278488 28.178786 28.118508 28.082977 28.059983 28.040658 28.018238 27.986365 27.937472 27.861374 27.744175 27.567994 27.31267 26.961104 26.508968 25.975387 25.405701 24.858745 24.384273 24.006909 23.725885 23.525072 23.383443 23.281129 23.201303 23.129751 23.053758 22.961302 22.84108 22.68319 22.479513 22.222452 21.901896 21.502207 21.002123 20.380251 19.627959 18.767755 17.865848 17.02027 16.32085 15.809941 15.47618 15.277748 15.168896 15.114248 15.091787 15.090654
29.212142 29.287218 29.338485 29.361367 29.35125 29.303667 29.215155 29.085303 28.919906 28.733439 28.54752 28.383826 28.255642 28.164586 28.103788 28.063233 28.033389 28.006339 27.975342 27.933805 27.874147 27.786813 27.659658 27.478157 27.227234 26.895571 26.4823 26.003479 25.493132 24.995008 24.54824 24.175895 23.882569 23.659414 23.491112 23.360966 23.253286 23.153863 23.049635 22.928342 22.778588 22.590214 22.354384 22.062743 21.705706 21.271185 20.745704 20.119641 19.396807 18.605123 17.800281 17.053762 16.427413 15.951348 15.620456 15.407479 15.279498 15.208584 15.175555 15.169639
29.059676 29.120534 29.159304 29.172158 29.155539 29.106596 29.024087 28.909844 28.7704 28.617575 28.466611 28.3318 28.221992 28.138829 28.078248 28.033376 27.996837 27.961752 27.921714 27.870228 27.799994 27.702305 27.566804 27.381978 27.136869 26.824382 26.445754 26.014369 25.555885 25.102826 24.685448 24.323823 24.024984 23.785027 23.593388 23.436681 23.30103 23.173044 23.040032 22.890028 22.711937 22.495765 22.232651 21.914416 21.532829 21.079436 20.547178 19.934607 19.252153 18.527543 17.805485 17.138119 16.569214 16.121351 15.793612 15.568837 15.423842 15.337101 15.292408 15.27954
28.908193 28.957081 28.985797 28.991356 28.971274 28.924037 28.849823 28.751402 28.634825 28.509255 28.385404 28.272882 28.177711 28.101317 28.041221 27.992605 27.949733 27.906725 27.857699 27.796518 27.716404 27.609641 27.467597 27.281335 27.043096 26.748721 26.400582 26.009742 25.595677 25.182652 24.793852 24.445976 24.146645 23.894981 23.684031 23.503442 23.341447 23.186002 23.02533 22.8482 22.644166 22.403791 22.11873 21.781617 21.385945 20.926475 20.400838 19.812556 19.174741 18.512411 17.860766 17.25824 16.736673 16.313651 15.990829 15.757918 15.59898 15.497824 15.441146 15.419622
28.759959 28.799141 28.820176 28.820871 28.799646 28.755931 28.690665 28.606779 28.509399 28.405443 28.302467 28.207044 28.123331 28.052447 27.992784 27.940848 27.89212 27.841613 27.784062 27.713866 27.624927 27.510578 27.363766 27.177677 26.946942 26.669368 26.347803 25.991327 25.614819 25.236484 24.874019 24.540937 24.244445 23.985313 23.759148 23.558143 23.372636 23.19219 23.006283 22.804732 22.578026 22.317588 22.015955 21.666905 21.265671 20.809571 20.299331 19.741066 19.148254 18.542404 17.951084 17.403047 16.922056 16.52216 16.206448 15.969204 15.799768 15.686238 15.617969 15.586733
28.616264 28.64779 28.663183 28.660913 28.640073 28.600681 28.543988 28.472698 28.390948 28.303893 28.216894 28.134501 28.059596 27.992988 27.933533 27.878591 27.824538 27.767157 27.701831 27.623581 27.527069 27.406658 27.256683 27.072023 26.849047 26.586816 26.288252 25.960761 25.615775 25.267035 24.928045 24.609548 24.317887 24.054597 23.817004 23.599322 23.393801 23.191665 22.983804 22.761274 22.515683 22.239512 21.926374 21.571287 21.171034 20.724796 20.23514 19.70921 19.159652 18.604494 18.065366 17.564125 17.118906 16.741129 16.434559 16.196449 16.019897 15.896334 15.81742 15.776095
28.477633 28.503226 28.514583 28.510684 28.491083 28.456118 28.407081 28.346295 28.277005 28.203025 28.128174 28.055624 27.98736 27.923911 27.864377 27.806675 27.747847 27.684333 27.612139 27.526942 27.424166 27.299135 27.147359 26.965039 26.749772 26.50138 26.222633 25.919539 25.600922 25.277219 24.958744 24.653948 24.368183 24.103227 23.857516 23.62681 23.405006 23.184895 22.958805 22.7191 22.458598 22.170921 21.850817 21.494486 21.099981 20.667747 20.201298 19.707876 19.198779 18.688916 18.19535 17.734952 17.321829 16.965368 16.669533 16.433443 16.25281 16.121585 16.033342 15.982157
28.344059 28.365081 28.373582 28.368909 28.350906 28.320049 28.277531 28.225262 28.16574 28.101773 28.036084 27.970883 27.907514 27.84627 27.786378 27.72613 27.663076 27.594208 27.516116 27.425107 27.317331 27.188965 27.036493 26.857119 26.649294 26.413276 26.151563 25.869007 25.57245 25.26986 24.969133 24.676877 24.397489 24.132714 23.881688 23.641325 23.406889 23.172581 22.93209 22.679069 22.407544 22.112278 21.789108 21.435282 21.049834 20.634002 20.191664 19.729659 19.257798 18.788337 18.334825 17.910468 17.52641 17.190427 16.906392 16.674552 16.492393 16.355722 16.259654 16.199308
28.215196 28.232676 28.239137 28.234173 28.217796 28.190509 28.153343 28.107822 28.055842 27.999457 27.940602 27.880803 27.820942 27.761122 27.700638 27.638049 27.571298 27.497849 27.414813 27.31908 27.207457 27.076855 26.924543 26.748479 26.547697 26.322675 26.075599 25.810374 25.532322 25.247557 24.962141 24.681224 24.408362 24.14514 23.891125 23.644093 23.400414 23.155509 22.904303 22.641651 22.362721 22.063347 21.740351 21.391865 21.017647 20.619388 20.200977 19.768615 19.330686 18.897243 18.479123 18.086787 17.729152 17.412689 17.14102 16.915031 16.733385 16.59323 16.490888 16.422393
28.090518 28.105204 28.110151 28.105117 28.090194 28.065852 28.032942 27.992651 27.946399 27.895675 27.841841 27.785931 27.728492 27.669478 27.608229 27.543502 27.473558 27.396256 27.309169 27.209704 27.095241 26.963308 26.811797 26.639227 26.445018 26.229742 25.995267 25.744728 25.48228 25.212634 24.94046 24.669771 24.403416 24.142777 23.88769 23.636568 23.386673 23.134452 22.875915 22.606994 22.323891 22.023397 21.703192 21.362124 21.000462 20.620123 20.224805 19.820004 19.412814 19.011488 18.624754 18.260987 17.92739 17.62937 17.370218 17.151142 16.971567 16.829592 16.722471 16.647015
27.969429 27.981842 27.985591 27.980532 27.966786 27.944758 27.915124 27.87879 27.836803 27.790227 27.740005 27.686815 27.630956 27.572277 27.51015 27.443492 27.37082 27.29033 27.199995 27.097669 26.981221 26.848684 26.69844 26.529418 26.341293 26.134651 25.911067 25.673052 25.423859 25.167136 24.906494 24.645066 24.385128 24.127862 23.873271 23.62025 23.366765 23.11012 22.847247 22.575016 22.29053 21.991409 21.676051 21.343866 20.995479 20.632874 20.259468 19.880061 19.500631 19.127967 18.769147 18.430934 18.119196 17.83846 17.59166 17.380129 17.203768 17.061345 16.950821 16.869654
27.851334 27.861823 27.86454 27.859395 27.846504 27.826196 27.798991 27.765565 27.726671 27.683057 27.635355 27.583983 27.529065 27.470373 27.40731 27.338925 27.26395 27.180867 27.087987 26.983545 26.865818 26.733248 26.584597 26.419093 26.236575 26.037602 25.823484 25.596235 25.358408 25.112843 24.862346 24.609372 24.355745 24.102468 23.849654 23.59656 23.341718 23.083127 22.818492 22.545476 22.261947 21.966222 21.657283 21.334974 21.000148 20.654769 20.301937 19.94581 19.591421 19.244374 18.910442 18.595132 18.303258 18.038614 17.803784 17.600106 17.427769 17.286002 17.173301 17.087653
27.735679 27.74447 27.74622 27.740867 27.728505 27.709385 27.683893 27.652516 27.615785 27.574205 27.52818 27.47794 27.423482 27.364529 27.300517 27.230607 27.153712 27.068554 26.973732 26.867799 26.749366 26.617206 26.470369 26.308302 26.130948 25.938814 25.732988 25.515083 25.287112 25.051297 24.809836 24.564662 24.317245 24.068445 23.818448 23.566791 23.312448 23.053988 22.789748 22.518048 22.237389 21.946658 21.645305 21.333494 21.012222 20.683379 20.349745 20.014912 19.683121 19.359015 19.047336 18.752595 18.478766 18.229036 18.00566 17.809914 17.64215 17.501913 17.388102 17.29913
27.621977 27.629206 27.629993 27.624283 27.612141 27.593745 27.569368 27.539349 27.504044 27.463777 27.418784 27.369158 27.314806 27.255425 27.190485 27.119243 27.040768 26.953985 26.85773 26.750822 26.632144 26.500728 26.355849 26.197111 26.024521 25.838529 25.640032 25.430328 25.211011 24.983833 24.750526 24.512631 24.271343 24.027408 23.781068 23.532073 23.279754 23.023128 22.761049 22.492369 22.216105 21.931597 21.638659 21.337693 21.029772 20.716683 20.400907 20.085546 19.77418 19.470676 19.178952 18.90273 18.645304 18.409361 18.196854 18.008965 17.846128 17.708105 17.594095 17.502854
27.509814 27.515557 27.515346 27.509124 27.496923 27.478857 27.455107 27.425892 27.391435 27.351924 27.307472 27.258073 27.203576 27.143661 27.077838 27.005449 26.925694 26.837667 26.740406 26.632946 26.514387 26.38397 26.241139 26.085614 25.917438 25.737004 25.545054 25.342634 25.131018 24.911597 24.685752 24.454724 24.219501 23.980741 23.738728 23.493382 23.244311 22.990891 22.732388 22.46808 22.197391 21.920022 21.636061 21.346075 21.051175 20.753028 20.453845 20.156308 19.863451 19.578512 19.304747 19.045245 18.802755 18.579544 18.3773 18.197097 18.039403 17.904124 17.790684 17.698114
